HTTP/1.0 200 OK
Server: Serv-U/15.1.7.185
Date: Wed, 20 May 2020 20:37:03 GMT
Accept-Encoding: deflate
Connection: close
X-Frame-Options: sameorigin
X-Same-Domain: 1
X-Content-Type-Options: nosniff
X-XSS-Protection: 1; mode=block
Strict-Transport-Security: max-age=0
Pragma: no-cache
Cache-Control: no-cache,no-store,max-age=0,must-revalidate
Expires: -1
Set-Cookie: Session=_019ff5174c9fab036dd4feea9284e5fe66f2aa87f93065c5da36e259bdf015629b8c1a2fff15483fd836bd5857f54e321ef3cbda78d9d9a0fa27ba11ecb734fbf8726522c456a619e0ae3d9367caeab5; path=/; secure; httponly;
Set-Cookie: CsrfToken=C52A0622B13CCC8ECB77B90873B8B648; path=/; secure;
Set-Cookie: SULang=en

0,0,%2F,0,0,,,1589925608
eWCAT,0,1589960238,1589960238,1588591757,1,0,0,0,0,0,,0,0,0,0,0,0,0
eWCAT%20Spotfire,0,1583040935,1583040935,1583040816,1,0,0,0,0,0,,0,0,0,0,0,0,0
eWIPS,0,1589756635,1589756625,1588516395,1,0,0,0,0,0,,0,0,0,0,0,0,0
IFR,0,1589352043,1589352043,1571022332,1,0,0,0,0,0,,0,0,0,0,0,0,0
SAP.Net%202.0%20Runtime.7z,1024691,1553764935,1553764934,1553764934,0,0,0,0,0,0,,0,0,0,0,1,0,0
SAP.Net.Runtime_2.0.zip,1945349,1553849179,1553849174,1553849174,0,0,0,0,0,0,,0,0,0,0,1,0,0
sapnco30dotnet40P_19-20007347_32.zip,11163421,1514471841,1546069417,1514471841,0,0,0,0,0,0,,0,0,0,0,1,0,0
sapnco30dotnet40P_19-20007348_64.zip,11741156,1514471842,1546069417,1514471842,0,0,0,0,0,0,,0,0,0,0,1,0,0
sapnco30P_19-20007347.zip,6938745,1510637362,1546069418,1510637362,0,0,0,0,0,0,,0,0,0,0,1,0,0
sapnco30P_19-20007348.zip,11689832,1510637362,1546069419,1510637362,0,0,0,0,0,0,,0,0,0,0,1,0,0
Temp,0,1589756588,1589756588,1589716837,1,0,0,0,0,0,,0,0,0,0,0,0,0
V_Livelink_Docs_Insert.zip,204715,1508308901,1546069419,1508308901,0,0,0,0,0,0,,0,0,0,0,1,0,0

